(kicad_pcb (version 20171130) (host pcbnew "(5.1.2)-2")

  (general
    (thickness 1.6)
    (drawings 0)
    (tracks 0)
    (zones 0)
    (modules 124)
    (nets 86)
  )

  (page A4)
  (title_block
    (title "Five Stage Analog Stereo EQ")
    (rev v01)
    (comment 4 "Author: Andrew Craddick")
  )

  (layers
    (0 F.Cu signal)
    (31 B.Cu signal)
    (32 B.Adhes user)
    (33 F.Adhes user)
    (34 B.Paste user)
    (35 F.Paste user)
    (36 B.SilkS user)
    (37 F.SilkS user)
    (38 B.Mask user)
    (39 F.Mask user)
    (40 Dwgs.User user hide)
    (41 Cmts.User user)
    (42 Eco1.User user)
    (43 Eco2.User user)
    (44 Edge.Cuts user)
    (45 Margin user)
    (46 B.CrtYd user)
    (47 F.CrtYd user)
    (48 B.Fab user)
    (49 F.Fab user hide)
  )

  (setup
    (last_trace_width 0.254)
    (trace_clearance 0.254)
    (zone_clearance 0.508)
    (zone_45_only no)
    (trace_min 0.1524)
    (via_size 0.762)
    (via_drill 0.381)
    (via_min_size 0.6858)
    (via_min_drill 0.3302)
    (uvia_size 0.762)
    (uvia_drill 0.381)
    (uvias_allowed no)
    (uvia_min_size 0.6858)
    (uvia_min_drill 0.3302)
    (edge_width 0.05)
    (segment_width 0.2)
    (pcb_text_width 0.3)
    (pcb_text_size 1.5 1.5)
    (mod_edge_width 0.12)
    (mod_text_size 1 1)
    (mod_text_width 0.15)
    (pad_size 1.12 1.78)
    (pad_drill 0)
    (pad_to_mask_clearance 0.0508)
    (aux_axis_origin 0 0)
    (visible_elements 7FFDFF7F)
    (pcbplotparams
      (layerselection 0x010fc_ffffffff)
      (usegerberextensions false)
      (usegerberattributes false)
      (usegerberadvancedattributes false)
      (creategerberjobfile false)
      (excludeedgelayer true)
      (linewidth 0.100000)
      (plotframeref false)
      (viasonmask false)
      (mode 1)
      (useauxorigin false)
      (hpglpennumber 1)
      (hpglpenspeed 20)
      (hpglpendiameter 15.000000)
      (psnegative false)
      (psa4output false)
      (plotreference true)
      (plotvalue true)
      (plotinvisibletext false)
      (padsonsilk false)
      (subtractmaskfromsilk false)
      (outputformat 1)
      (mirror false)
      (drillshape 1)
      (scaleselection 1)
      (outputdirectory ""))
  )

  (net 0 "")
  (net 1 VCC)
  (net 2 GND)
  (net 3 +12V)
  (net 4 V_GND)
  (net 5 Tip_in)
  (net 6 "Net-(C301-Pad1)")
  (net 7 "Net-(C303-Pad2)")
  (net 8 "Net-(C303-Pad1)")
  (net 9 "Net-(C304-Pad2)")
  (net 10 "Net-(C304-Pad1)")
  (net 11 "Net-(C305-Pad1)")
  (net 12 "Net-(C306-Pad2)")
  (net 13 "Net-(C306-Pad1)")
  (net 14 "Net-(C307-Pad1)")
  (net 15 "Net-(C308-Pad1)")
  (net 16 "Net-(C308-Pad2)")
  (net 17 "Net-(C309-Pad1)")
  (net 18 "Net-(C310-Pad1)")
  (net 19 "Net-(C310-Pad2)")
  (net 20 "Net-(C311-Pad1)")
  (net 21 "Net-(C312-Pad1)")
  (net 22 "Net-(C312-Pad2)")
  (net 23 "Net-(C313-Pad1)")
  (net 24 "Net-(C319-Pad1)")
  (net 25 "Net-(C319-Pad2)")
  (net 26 "Net-(C320-Pad1)")
  (net 27 "Net-(C320-Pad2)")
  (net 28 "Net-(C321-Pad2)")
  (net 29 "Net-(C321-Pad1)")
  (net 30 "Net-(C322-Pad1)")
  (net 31 "Net-(C322-Pad2)")
  (net 32 "Net-(C323-Pad1)")
  (net 33 "Net-(C323-Pad2)")
  (net 34 "Net-(C324-Pad1)")
  (net 35 "Net-(C326-Pad2)")
  (net 36 Tip_out)
  (net 37 Ring_in)
  (net 38 "Net-(C401-Pad1)")
  (net 39 "Net-(C402-Pad1)")
  (net 40 "Net-(C402-Pad2)")
  (net 41 "Net-(C403-Pad1)")
  (net 42 "Net-(C403-Pad2)")
  (net 43 "Net-(C404-Pad1)")
  (net 44 "Net-(C405-Pad2)")
  (net 45 "Net-(C405-Pad1)")
  (net 46 "Net-(C406-Pad1)")
  (net 47 "Net-(C407-Pad2)")
  (net 48 "Net-(C407-Pad1)")
  (net 49 "Net-(C408-Pad1)")
  (net 50 "Net-(C409-Pad2)")
  (net 51 "Net-(C409-Pad1)")
  (net 52 "Net-(C410-Pad1)")
  (net 53 "Net-(C411-Pad2)")
  (net 54 "Net-(C411-Pad1)")
  (net 55 "Net-(C412-Pad1)")
  (net 56 "Net-(C413-Pad2)")
  (net 57 "Net-(C413-Pad1)")
  (net 58 "Net-(C414-Pad2)")
  (net 59 "Net-(C414-Pad1)")
  (net 60 "Net-(C415-Pad1)")
  (net 61 "Net-(C415-Pad2)")
  (net 62 "Net-(C416-Pad1)")
  (net 63 "Net-(C416-Pad2)")
  (net 64 "Net-(C417-Pad1)")
  (net 65 "Net-(C417-Pad2)")
  (net 66 "Net-(C418-Pad1)")
  (net 67 "Net-(C419-Pad2)")
  (net 68 Ring_out)
  (net 69 "Net-(J201-Pad2)")
  (net 70 "Net-(R304-Pad2)")
  (net 71 "Net-(R305-Pad2)")
  (net 72 "Net-(R327-Pad6)")
  (net 73 "Net-(R327-Pad3)")
  (net 74 "Net-(R328-Pad6)")
  (net 75 "Net-(R328-Pad3)")
  (net 76 "Net-(R330-Pad3)")
  (net 77 "Net-(R330-Pad6)")
  (net 78 "Net-(R331-Pad3)")
  (net 79 "Net-(R331-Pad6)")
  (net 80 "Net-(R332-Pad3)")
  (net 81 "Net-(R332-Pad6)")
  (net 82 "Net-(R333-Pad2)")
  (net 83 "Net-(R404-Pad2)")
  (net 84 "Net-(R405-Pad2)")
  (net 85 "Net-(R428-Pad2)")

  (net_class Default "This is the default net class."
    (clearance 0.254)
    (trace_width 0.254)
    (via_dia 0.762)
    (via_drill 0.381)
    (uvia_dia 0.762)
    (uvia_drill 0.381)
    (add_net +12V)
    (add_net GND)
    (add_net "Net-(C301-Pad1)")
    (add_net "Net-(C303-Pad1)")
    (add_net "Net-(C303-Pad2)")
    (add_net "Net-(C304-Pad1)")
    (add_net "Net-(C304-Pad2)")
    (add_net "Net-(C305-Pad1)")
    (add_net "Net-(C306-Pad1)")
    (add_net "Net-(C306-Pad2)")
    (add_net "Net-(C307-Pad1)")
    (add_net "Net-(C308-Pad1)")
    (add_net "Net-(C308-Pad2)")
    (add_net "Net-(C309-Pad1)")
    (add_net "Net-(C310-Pad1)")
    (add_net "Net-(C310-Pad2)")
    (add_net "Net-(C311-Pad1)")
    (add_net "Net-(C312-Pad1)")
    (add_net "Net-(C312-Pad2)")
    (add_net "Net-(C313-Pad1)")
    (add_net "Net-(C319-Pad1)")
    (add_net "Net-(C319-Pad2)")
    (add_net "Net-(C320-Pad1)")
    (add_net "Net-(C320-Pad2)")
    (add_net "Net-(C321-Pad1)")
    (add_net "Net-(C321-Pad2)")
    (add_net "Net-(C322-Pad1)")
    (add_net "Net-(C322-Pad2)")
    (add_net "Net-(C323-Pad1)")
    (add_net "Net-(C323-Pad2)")
    (add_net "Net-(C324-Pad1)")
    (add_net "Net-(C326-Pad2)")
    (add_net "Net-(C401-Pad1)")
    (add_net "Net-(C402-Pad1)")
    (add_net "Net-(C402-Pad2)")
    (add_net "Net-(C403-Pad1)")
    (add_net "Net-(C403-Pad2)")
    (add_net "Net-(C404-Pad1)")
    (add_net "Net-(C405-Pad1)")
    (add_net "Net-(C405-Pad2)")
    (add_net "Net-(C406-Pad1)")
    (add_net "Net-(C407-Pad1)")
    (add_net "Net-(C407-Pad2)")
    (add_net "Net-(C408-Pad1)")
    (add_net "Net-(C409-Pad1)")
    (add_net "Net-(C409-Pad2)")
    (add_net "Net-(C410-Pad1)")
    (add_net "Net-(C411-Pad1)")
    (add_net "Net-(C411-Pad2)")
    (add_net "Net-(C412-Pad1)")
    (add_net "Net-(C413-Pad1)")
    (add_net "Net-(C413-Pad2)")
    (add_net "Net-(C414-Pad1)")
    (add_net "Net-(C414-Pad2)")
    (add_net "Net-(C415-Pad1)")
    (add_net "Net-(C415-Pad2)")
    (add_net "Net-(C416-Pad1)")
    (add_net "Net-(C416-Pad2)")
    (add_net "Net-(C417-Pad1)")
    (add_net "Net-(C417-Pad2)")
    (add_net "Net-(C418-Pad1)")
    (add_net "Net-(C419-Pad2)")
    (add_net "Net-(J201-Pad2)")
    (add_net "Net-(R304-Pad2)")
    (add_net "Net-(R305-Pad2)")
    (add_net "Net-(R327-Pad3)")
    (add_net "Net-(R327-Pad6)")
    (add_net "Net-(R328-Pad3)")
    (add_net "Net-(R328-Pad6)")
    (add_net "Net-(R330-Pad3)")
    (add_net "Net-(R330-Pad6)")
    (add_net "Net-(R331-Pad3)")
    (add_net "Net-(R331-Pad6)")
    (add_net "Net-(R332-Pad3)")
    (add_net "Net-(R332-Pad6)")
    (add_net "Net-(R333-Pad2)")
    (add_net "Net-(R404-Pad2)")
    (add_net "Net-(R405-Pad2)")
    (add_net "Net-(R428-Pad2)")
    (add_net Ring_in)
    (add_net Ring_out)
    (add_net Tip_in)
    (add_net Tip_out)
    (add_net VCC)
    (add_net V_GND)
  )

  (module SamacSys_Parts:SJ13523N (layer F.Cu) (tedit 6021AA9D) (tstamp 60200706)
    (at 226.6484 96.5962 180)
    (descr SJ1-3523N-1)
    (tags Connector)
    (path /60107E8F)
    (fp_text reference J102 (at 4.375 -7.62) (layer F.SilkS)
      (effects (font (size 1.27 1.27) (thickness 0.254)))
    )
    (fp_text value AudioJack3 (at 4.375 8.89) (layer F.SilkS) hide
      (effects (font (size 1.27 1.27) (thickness 0.254)))
    )
    (fp_text user %R (at -5.08 0) (layer F.Fab)
      (effects (font (size 1.27 1.27) (thickness 0.254)))
    )
    (fp_line (start 0 -6) (end 11.7 -6) (layer F.Fab) (width 0.2))
    (fp_line (start 11.7 -6) (end 11.7 6) (layer F.Fab) (width 0.2))
    (fp_line (start 11.7 6) (end 0 6) (layer F.Fab) (width 0.2))
    (fp_line (start 0 6) (end 0 -6) (layer F.Fab) (width 0.2))
    (fp_line (start -3.45 -6.775) (end 12.2 -6.775) (layer F.CrtYd) (width 0.1))
    (fp_line (start 12.2 -6.775) (end 12.2 6.775) (layer F.CrtYd) (width 0.1))
    (fp_line (start 12.2 6.775) (end -3.45 6.775) (layer F.CrtYd) (width 0.1))
    (fp_line (start -3.45 6.775) (end -3.45 -6.775) (layer F.CrtYd) (width 0.1))
    (fp_line (start 0 -4) (end 0 4) (layer F.SilkS) (width 0.1))
    (fp_line (start 5.2 6) (end 8.2 6) (layer F.SilkS) (width 0.1))
    (fp_line (start 5.2 -6) (end 8.2 -6) (layer F.SilkS) (width 0.1))
    (fp_line (start 11.2 -6) (end 11.7 -6) (layer F.SilkS) (width 0.1))
    (fp_line (start 11.7 -6) (end 11.7 6) (layer F.SilkS) (width 0.1))
    (fp_line (start 11.7 6) (end 11.2 6) (layer F.SilkS) (width 0.1))
    (fp_line (start -2.85 -0.1) (end -2.85 -0.1) (layer F.SilkS) (width 0.2))
    (fp_line (start -2.85 0.1) (end -2.85 0.1) (layer F.SilkS) (width 0.2))
    (fp_arc (start -2.85 0) (end -2.85 -0.1) (angle -180) (layer F.SilkS) (width 0.2))
    (fp_arc (start -2.85 0) (end -2.85 0.1) (angle -180) (layer F.SilkS) (width 0.2))
    (pad 1 thru_hole circle (at 4.5 0 180) (size 2.55 2.55) (drill 1.7) (layers *.Cu *.Mask)
      (net 2 GND))
    (pad 2 thru_hole circle (at 9.5 5 180) (size 2.55 2.55) (drill 1.7) (layers *.Cu *.Mask)
      (net 36 Tip_out))
    (pad 3 thru_hole circle (at 9.5 -5 180) (size 2.55 2.55) (drill 1.7) (layers *.Cu *.Mask)
      (net 68 Ring_out))
    (pad 10 thru_hole circle (at 9.5 2 180) (size 2.4 2.4) (drill 1.7) (layers *.Cu *.Mask))
    (pad 11 thru_hole circle (at 9.5 -2 180) (size 2.4 2.4) (drill 1.7) (layers *.Cu *.Mask))
    (pad MH1 np_thru_hole circle (at 2 -5 180) (size 1.2 0) (drill 1.2) (layers *.Cu *.Mask))
    (pad MH2 np_thru_hole circle (at 4.5 -5 180) (size 1.2 0) (drill 1.2) (layers *.Cu *.Mask))
    (pad MH3 np_thru_hole circle (at 9.5 0 180) (size 1.2 0) (drill 1.2) (layers *.Cu *.Mask))
    (pad MH4 np_thru_hole circle (at 2 5 180) (size 1.2 0) (drill 1.2) (layers *.Cu *.Mask))
    (pad MH5 np_thru_hole circle (at 4.5 5 180) (size 1.2 0) (drill 1.2) (layers *.Cu *.Mask))
    (model "C:\\Users\\Andrew's LG\\Downloads\\SamacSys_Parts.3dshapes\\SJ1-3523N.stp"
      (at (xyz 0 0 0))
      (scale (xyz 1 1 1))
      (rotate (xyz 0 0 0))
    )
  )

  (module SamacSys_Parts:SJ13523N (layer F.Cu) (tedit 6021AA9D) (tstamp 6022EFF0)
    (at 50.19 96.647)
    (descr SJ1-3523N-1)
    (tags Connector)
    (path /601067E4)
    (fp_text reference J101 (at 4.375 -7.62) (layer F.SilkS)
      (effects (font (size 1.27 1.27) (thickness 0.254)))
    )
    (fp_text value AudioJack3 (at 4.375 8.89) (layer F.SilkS) hide
      (effects (font (size 1.27 1.27) (thickness 0.254)))
    )
    (fp_arc (start -2.85 0) (end -2.85 0.1) (angle -180) (layer F.SilkS) (width 0.2))
    (fp_arc (start -2.85 0) (end -2.85 -0.1) (angle -180) (layer F.SilkS) (width 0.2))
    (fp_line (start -2.85 0.1) (end -2.85 0.1) (layer F.SilkS) (width 0.2))
    (fp_line (start -2.85 -0.1) (end -2.85 -0.1) (layer F.SilkS) (width 0.2))
    (fp_line (start 11.7 6) (end 11.2 6) (layer F.SilkS) (width 0.1))
    (fp_line (start 11.7 -6) (end 11.7 6) (layer F.SilkS) (width 0.1))
    (fp_line (start 11.2 -6) (end 11.7 -6) (layer F.SilkS) (width 0.1))
    (fp_line (start 5.2 -6) (end 8.2 -6) (layer F.SilkS) (width 0.1))
    (fp_line (start 5.2 6) (end 8.2 6) (layer F.SilkS) (width 0.1))
    (fp_line (start 0 -4) (end 0 4) (layer F.SilkS) (width 0.1))
    (fp_line (start -3.45 6.775) (end -3.45 -6.775) (layer F.CrtYd) (width 0.1))
    (fp_line (start 12.2 6.775) (end -3.45 6.775) (layer F.CrtYd) (width 0.1))
    (fp_line (start 12.2 -6.775) (end 12.2 6.775) (layer F.CrtYd) (width 0.1))
    (fp_line (start -3.45 -6.775) (end 12.2 -6.775) (layer F.CrtYd) (width 0.1))
    (fp_line (start 0 6) (end 0 -6) (layer F.Fab) (width 0.2))
    (fp_line (start 11.7 6) (end 0 6) (layer F.Fab) (width 0.2))
    (fp_line (start 11.7 -6) (end 11.7 6) (layer F.Fab) (width 0.2))
    (fp_line (start 0 -6) (end 11.7 -6) (layer F.Fab) (width 0.2))
    (fp_text user %R (at -5.08 0) (layer F.Fab)
      (effects (font (size 1.27 1.27) (thickness 0.254)))
    )
    (pad MH5 np_thru_hole circle (at 4.5 5) (size 1.2 0) (drill 1.2) (layers *.Cu *.Mask))
    (pad MH4 np_thru_hole circle (at 2 5) (size 1.2 0) (drill 1.2) (layers *.Cu *.Mask))
    (pad MH3 np_thru_hole circle (at 9.5 0) (size 1.2 0) (drill 1.2) (layers *.Cu *.Mask))
    (pad MH2 np_thru_hole circle (at 4.5 -5) (size 1.2 0) (drill 1.2) (layers *.Cu *.Mask))
    (pad MH1 np_thru_hole circle (at 2 -5) (size 1.2 0) (drill 1.2) (layers *.Cu *.Mask))
    (pad 11 thru_hole circle (at 9.5 -2) (size 2.4 2.4) (drill 1.7) (layers *.Cu *.Mask))
    (pad 10 thru_hole circle (at 9.5 2) (size 2.4 2.4) (drill 1.7) (layers *.Cu *.Mask))
    (pad 3 thru_hole circle (at 9.5 -5) (size 2.55 2.55) (drill 1.7) (layers *.Cu *.Mask)
      (net 37 Ring_in))
    (pad 2 thru_hole circle (at 9.5 5) (size 2.55 2.55) (drill 1.7) (layers *.Cu *.Mask)
      (net 5 Tip_in))
    (pad 1 thru_hole circle (at 4.5 0) (size 2.55 2.55) (drill 1.7) (layers *.Cu *.Mask)
      (net 2 GND))
    (model "C:\\Users\\Andrew's LG\\Downloads\\SamacSys_Parts.3dshapes\\SJ1-3523N.stp"
      (at (xyz 0 0 0))
      (scale (xyz 1 1 1))
      (rotate (xyz 0 0 0))
    )
  )

  (module Capacitor_SMD:C_0805_2012Metric_Pad1.15x1.40mm_HandSolder (layer F.Cu) (tedit 5B36C52B) (tstamp 60200397)
    (at 61.595 142.63 270)
    (descr "Capacitor SMD 0805 (2012 Metric), square (rectangular) end terminal, IPC_7351 nominal with elongated pad for handsoldering. (Body size source: https://docs.google.com/spreadsheets/d/1BsfQQcO9C6DZCsRaXUlFlo91Tg2WpOkGARC1WS5S8t0/edit?usp=sharing), generated with kicad-footprint-generator")
    (tags "capacitor handsolder")
    (path /602071B3/5D4FE17F)
    (attr smd)
    (fp_text reference C201 (at -2.676 0 180) (layer F.SilkS)
      (effects (font (size 0.762 0.762) (thickness 0.15)))
    )
    (fp_text value 0.33μ (at 0 1.65 90) (layer F.Fab)
      (effects (font (size 1 1) (thickness 0.15)))
    )
    (fp_line (start -1 0.6) (end -1 -0.6) (layer F.Fab) (width 0.1))
    (fp_line (start -1 -0.6) (end 1 -0.6) (layer F.Fab) (width 0.1))
    (fp_line (start 1 -0.6) (end 1 0.6) (layer F.Fab) (width 0.1))
    (fp_line (start 1 0.6) (end -1 0.6) (layer F.Fab) (width 0.1))
    (fp_line (start -0.261252 -0.71) (end 0.261252 -0.71) (layer F.SilkS) (width 0.12))
    (fp_line (start -0.261252 0.71) (end 0.261252 0.71) (layer F.SilkS) (width 0.12))
    (fp_line (start -1.85 0.95) (end -1.85 -0.95) (layer F.CrtYd) (width 0.05))
    (fp_line (start -1.85 -0.95) (end 1.85 -0.95) (layer F.CrtYd) (width 0.05))
    (fp_line (start 1.85 -0.95) (end 1.85 0.95) (layer F.CrtYd) (width 0.05))
    (fp_line (start 1.85 0.95) (end -1.85 0.95) (layer F.CrtYd) (width 0.05))
    (fp_text user %R (at 0 0 90) (layer F.Fab)
      (effects (font (size 0.5 0.5) (thickness 0.08)))
    )
    (pad 1 smd roundrect (at -1.025 0 270) (size 1.15 1.4) (layers F.Cu F.Paste F.Mask) (roundrect_rratio 0.217391)
      (net 1 VCC))
    (pad 2 smd roundrect (at 1.025 0 270) (size 1.15 1.4) (layers F.Cu F.Paste F.Mask) (roundrect_rratio 0.217391)
      (net 2 GND))
    (model ${KISYS3DMOD}/Capacitor_SMD.3dshapes/C_0805_2012Metric.wrl
      (at (xyz 0 0 0))
      (scale (xyz 1 1 1))
      (rotate (xyz 0 0 0))
    )
  )

  (module Capacitor_SMD:C_0805_2012Metric_Pad1.15x1.40mm_HandSolder (layer F.Cu) (tedit 5B36C52B) (tstamp 602003A8)
    (at 72.39 147.565 270)
    (descr "Capacitor SMD 0805 (2012 Metric), square (rectangular) end terminal, IPC_7351 nominal with elongated pad for handsoldering. (Body size source: https://docs.google.com/spreadsheets/d/1BsfQQcO9C6DZCsRaXUlFlo91Tg2WpOkGARC1WS5S8t0/edit?usp=sharing), generated with kicad-footprint-generator")
    (tags "capacitor handsolder")
    (path /602071B3/601DD09F)
    (attr smd)
    (fp_text reference C202 (at -2.785 0 180) (layer F.SilkS)
      (effects (font (size 0.762 0.762) (thickness 0.15)))
    )
    (fp_text value 10μ (at 0 1.65 90) (layer F.Fab)
      (effects (font (size 1 1) (thickness 0.15)))
    )
    (fp_text user %R (at 0 0 90) (layer F.Fab)
      (effects (font (size 0.5 0.5) (thickness 0.08)))
    )
    (fp_line (start 1.85 0.95) (end -1.85 0.95) (layer F.CrtYd) (width 0.05))
    (fp_line (start 1.85 -0.95) (end 1.85 0.95) (layer F.CrtYd) (width 0.05))
    (fp_line (start -1.85 -0.95) (end 1.85 -0.95) (layer F.CrtYd) (width 0.05))
    (fp_line (start -1.85 0.95) (end -1.85 -0.95) (layer F.CrtYd) (width 0.05))
    (fp_line (start -0.261252 0.71) (end 0.261252 0.71) (layer F.SilkS) (width 0.12))
    (fp_line (start -0.261252 -0.71) (end 0.261252 -0.71) (layer F.SilkS) (width 0.12))
    (fp_line (start 1 0.6) (end -1 0.6) (layer F.Fab) (width 0.1))
    (fp_line (start 1 -0.6) (end 1 0.6) (layer F.Fab) (width 0.1))
    (fp_line (start -1 -0.6) (end 1 -0.6) (layer F.Fab) (width 0.1))
    (fp_line (start -1 0.6) (end -1 -0.6) (layer F.Fab) (width 0.1))
    (pad 2 smd roundrect (at 1.025 0 270) (size 1.15 1.4) (layers F.Cu F.Paste F.Mask) (roundrect_rratio 0.217391)
      (net 2 GND))
    (pad 1 smd roundrect (at -1.025 0 270) (size 1.15 1.4) (layers F.Cu F.Paste F.Mask) (roundrect_rratio 0.217391)
      (net 3 +12V))
    (model ${KISYS3DMOD}/Capacitor_SMD.3dshapes/C_0805_2012Metric.wrl
      (at (xyz 0 0 0))
      (scale (xyz 1 1 1))
      (rotate (xyz 0 0 0))
    )
  )

  (module Capacitor_SMD:C_1206_3216Metric_Pad1.42x1.75mm_HandSolder (layer F.Cu) (tedit 5B301BBE) (tstamp 602003B9)
    (at 86.36 148.03026 270)
    (descr "Capacitor SMD 1206 (3216 Metric), square (rectangular) end terminal, IPC_7351 nominal with elongated pad for handsoldering. (Body size source: http://www.tortai-tech.com/upload/download/2011102023233369053.pdf), generated with kicad-footprint-generator")
    (tags "capacitor handsolder")
    (path /602071B3/601DD0A3)
    (attr smd)
    (fp_text reference C203 (at -3.25026 0 180) (layer F.SilkS)
      (effects (font (size 0.762 0.762) (thickness 0.15)))
    )
    (fp_text value 100μ (at 0 1.82 90) (layer F.Fab)
      (effects (font (size 1 1) (thickness 0.15)))
    )
    (fp_line (start -1.6 0.8) (end -1.6 -0.8) (layer F.Fab) (width 0.1))
    (fp_line (start -1.6 -0.8) (end 1.6 -0.8) (layer F.Fab) (width 0.1))
    (fp_line (start 1.6 -0.8) (end 1.6 0.8) (layer F.Fab) (width 0.1))
    (fp_line (start 1.6 0.8) (end -1.6 0.8) (layer F.Fab) (width 0.1))
    (fp_line (start -0.602064 -0.91) (end 0.602064 -0.91) (layer F.SilkS) (width 0.12))
    (fp_line (start -0.602064 0.91) (end 0.602064 0.91) (layer F.SilkS) (width 0.12))
    (fp_line (start -2.45 1.12) (end -2.45 -1.12) (layer F.CrtYd) (width 0.05))
    (fp_line (start -2.45 -1.12) (end 2.45 -1.12) (layer F.CrtYd) (width 0.05))
    (fp_line (start 2.45 -1.12) (end 2.45 1.12) (layer F.CrtYd) (width 0.05))
    (fp_line (start 2.45 1.12) (end -2.45 1.12) (layer F.CrtYd) (width 0.05))
    (fp_text user %R (at 0 0 90) (layer F.Fab)
      (effects (font (size 0.8 0.8) (thickness 0.12)))
    )
    (pad 1 smd roundrect (at -1.4875 0 270) (size 1.425 1.75) (layers F.Cu F.Paste F.Mask) (roundrect_rratio 0.175439)
      (net 4 V_GND))
    (pad 2 smd roundrect (at 1.4875 0 270) (size 1.425 1.75) (layers F.Cu F.Paste F.Mask) (roundrect_rratio 0.175439)
      (net 2 GND))
    (model ${KISYS3DMOD}/Capacitor_SMD.3dshapes/C_1206_3216Metric.wrl
      (at (xyz 0 0 0))
      (scale (xyz 1 1 1))
      (rotate (xyz 0 0 0))
    )
  )

  (module SamacSys_Parts:CAPC3216X125N (layer F.Cu) (tedit 601FAD63) (tstamp 602003C9)
    (at 67.183 92.9732 270)
    (descr 1206)
    (tags Capacitor)
    (path /60207347/60277813)
    (attr smd)
    (fp_text reference C301 (at -2.8032 0 180) (layer F.SilkS)
      (effects (font (size 0.762 0.762) (thickness 0.1524)))
    )
    (fp_text value 10μ (at 0 2.032 90) (layer F.SilkS) hide
      (effects (font (size 1.27 1.27) (thickness 0.254)))
    )
    (fp_text user %R (at -4.064 0 90) (layer F.Fab)
      (effects (font (size 1.27 1.27) (thickness 0.254)))
    )
    (fp_line (start -2.04 -1.04) (end 2.04 -1.04) (layer F.CrtYd) (width 0.05))
    (fp_line (start 2.04 -1.04) (end 2.04 1.04) (layer F.CrtYd) (width 0.05))
    (fp_line (start 2.04 1.04) (end -2.04 1.04) (layer F.CrtYd) (width 0.05))
    (fp_line (start -2.04 1.04) (end -2.04 -1.04) (layer F.CrtYd) (width 0.05))
    (fp_line (start -1.6 -0.8) (end 1.6 -0.8) (layer F.Fab) (width 0.1))
    (fp_line (start 1.6 -0.8) (end 1.6 0.8) (layer F.Fab) (width 0.1))
    (fp_line (start 1.6 0.8) (end -1.6 0.8) (layer F.Fab) (width 0.1))
    (fp_line (start -1.6 0.8) (end -1.6 -0.8) (layer F.Fab) (width 0.1))
    (fp_line (start 0 -0.7) (end 0 0.7) (layer F.SilkS) (width 0.2))
    (pad 1 smd rect (at -1.33 0 270) (size 1.12 1.78) (layers F.Cu F.Paste F.Mask)
      (net 6 "Net-(C301-Pad1)"))
    (pad 2 smd rect (at 1.33 0 270) (size 1.12 1.78) (layers F.Cu F.Paste F.Mask)
      (net 37 Ring_in))
    (model "C:\\Users\\Andrew's LG\\Downloads\\SamacSys_Parts.3dshapes\\ECJ-3YB1E106M.stp"
      (at (xyz 0 0 0))
      (scale (xyz 1 1 1))
      (rotate (xyz 0 0 0))
    )
  )

  (module Capacitor_SMD:C_1206_3216Metric_Pad1.42x1.75mm_HandSolder (layer F.Cu) (tedit 5B301BBE) (tstamp 602003DA)
    (at 104.167 101.6635 180)
    (descr "Capacitor SMD 1206 (3216 Metric), square (rectangular) end terminal, IPC_7351 nominal with elongated pad for handsoldering. (Body size source: http://www.tortai-tech.com/upload/download/2011102023233369053.pdf), generated with kicad-footprint-generator")
    (tags "capacitor handsolder")
    (path /60207347/60277817)
    (attr smd)
    (fp_text reference C302 (at 0.22004 -1.90754) (layer F.SilkS)
      (effects (font (size 0.762 0.762) (thickness 0.1524)))
    )
    (fp_text value 0.1μ (at 0 1.82) (layer F.Fab)
      (effects (font (size 1 1) (thickness 0.15)))
    )
    (fp_text user %R (at 0 0) (layer F.Fab)
      (effects (font (size 0.8 0.8) (thickness 0.12)))
    )
    (fp_line (start 2.45 1.12) (end -2.45 1.12) (layer F.CrtYd) (width 0.05))
    (fp_line (start 2.45 -1.12) (end 2.45 1.12) (layer F.CrtYd) (width 0.05))
    (fp_line (start -2.45 -1.12) (end 2.45 -1.12) (layer F.CrtYd) (width 0.05))
    (fp_line (start -2.45 1.12) (end -2.45 -1.12) (layer F.CrtYd) (width 0.05))
    (fp_line (start -0.602064 0.91) (end 0.602064 0.91) (layer F.SilkS) (width 0.12))
    (fp_line (start -0.602064 -0.91) (end 0.602064 -0.91) (layer F.SilkS) (width 0.12))
    (fp_line (start 1.6 0.8) (end -1.6 0.8) (layer F.Fab) (width 0.1))
    (fp_line (start 1.6 -0.8) (end 1.6 0.8) (layer F.Fab) (width 0.1))
    (fp_line (start -1.6 -0.8) (end 1.6 -0.8) (layer F.Fab) (width 0.1))
    (fp_line (start -1.6 0.8) (end -1.6 -0.8) (layer F.Fab) (width 0.1))
    (pad 2 smd roundrect (at 1.4875 0 180) (size 1.425 1.75) (layers F.Cu F.Paste F.Mask) (roundrect_rratio 0.175439)
      (net 3 +12V))
    (pad 1 smd roundrect (at -1.4875 0 180) (size 1.425 1.75) (layers F.Cu F.Paste F.Mask) (roundrect_rratio 0.175439)
      (net 2 GND))
    (model ${KISYS3DMOD}/Capacitor_SMD.3dshapes/C_1206_3216Metric.wrl
      (at (xyz 0 0 0))
      (scale (xyz 1 1 1))
      (rotate (xyz 0 0 0))
    )
  )

  (module Capacitor_SMD:C_1206_3216Metric_Pad1.42x1.75mm_HandSolder (layer F.Cu) (tedit 5B301BBE) (tstamp 602003EB)
    (at 110.29348 94.03334 180)
    (descr "Capacitor SMD 1206 (3216 Metric), square (rectangular) end terminal, IPC_7351 nominal with elongated pad for handsoldering. (Body size source: http://www.tortai-tech.com/upload/download/2011102023233369053.pdf), generated with kicad-footprint-generator")
    (tags "capacitor handsolder")
    (path /60207347/6027781B)
    (attr smd)
    (fp_text reference C303 (at 0.05748 1.70434) (layer F.SilkS)
      (effects (font (size 0.762 0.762) (thickness 0.15)))
    )
    (fp_text value 10μ (at 0 1.82) (layer F.Fab)
      (effects (font (size 1 1) (thickness 0.15)))
    )
    (fp_text user %R (at 0 0) (layer F.Fab)
      (effects (font (size 0.8 0.8) (thickness 0.12)))
    )
    (fp_line (start 2.45 1.12) (end -2.45 1.12) (layer F.CrtYd) (width 0.05))
    (fp_line (start 2.45 -1.12) (end 2.45 1.12) (layer F.CrtYd) (width 0.05))
    (fp_line (start -2.45 -1.12) (end 2.45 -1.12) (layer F.CrtYd) (width 0.05))
    (fp_line (start -2.45 1.12) (end -2.45 -1.12) (layer F.CrtYd) (width 0.05))
    (fp_line (start -0.602064 0.91) (end 0.602064 0.91) (layer F.SilkS) (width 0.12))
    (fp_line (start -0.602064 -0.91) (end 0.602064 -0.91) (layer F.SilkS) (width 0.12))
    (fp_line (start 1.6 0.8) (end -1.6 0.8) (layer F.Fab) (width 0.1))
    (fp_line (start 1.6 -0.8) (end 1.6 0.8) (layer F.Fab) (width 0.1))
    (fp_line (start -1.6 -0.8) (end 1.6 -0.8) (layer F.Fab) (width 0.1))
    (fp_line (start -1.6 0.8) (end -1.6 -0.8) (layer F.Fab) (width 0.1))
    (pad 2 smd roundrect (at 1.4875 0 180) (size 1.425 1.75) (layers F.Cu F.Paste F.Mask) (roundrect_rratio 0.175439)
      (net 7 "Net-(C303-Pad2)"))
    (pad 1 smd roundrect (at -1.4875 0 180) (size 1.425 1.75) (layers F.Cu F.Paste F.Mask) (roundrect_rratio 0.175439)
      (net 8 "Net-(C303-Pad1)"))
    (model ${KISYS3DMOD}/Capacitor_SMD.3dshapes/C_1206_3216Metric.wrl
      (at (xyz 0 0 0))
      (scale (xyz 1 1 1))
      (rotate (xyz 0 0 0))
    )
  )

  (module Capacitor_SMD:C_1206_3216Metric_Pad1.42x1.75mm_HandSolder (layer F.Cu) (tedit 5B301BBE) (tstamp 602003FC)
    (at 125.5125 23.495 180)
    (descr "Capacitor SMD 1206 (3216 Metric), square (rectangular) end terminal, IPC_7351 nominal with elongated pad for handsoldering. (Body size source: http://www.tortai-tech.com/upload/download/2011102023233369053.pdf), generated with kicad-footprint-generator")
    (tags "capacitor handsolder")
    (path /60207347/6027780C)
    (attr smd)
    (fp_text reference C304 (at 0 1.778) (layer F.SilkS)
      (effects (font (size 0.762 0.762) (thickness 0.15)))
    )
    (fp_text value 0.1μ (at 0 1.82) (layer F.Fab)
      (effects (font (size 1 1) (thickness 0.15)))
    )
    (fp_text user %R (at 0 0) (layer F.Fab)
      (effects (font (size 0.8 0.8) (thickness 0.12)))
    )
    (fp_line (start 2.45 1.12) (end -2.45 1.12) (layer F.CrtYd) (width 0.05))
    (fp_line (start 2.45 -1.12) (end 2.45 1.12) (layer F.CrtYd) (width 0.05))
    (fp_line (start -2.45 -1.12) (end 2.45 -1.12) (layer F.CrtYd) (width 0.05))
    (fp_line (start -2.45 1.12) (end -2.45 -1.12) (layer F.CrtYd) (width 0.05))
    (fp_line (start -0.602064 0.91) (end 0.602064 0.91) (layer F.SilkS) (width 0.12))
    (fp_line (start -0.602064 -0.91) (end 0.602064 -0.91) (layer F.SilkS) (width 0.12))
    (fp_line (start 1.6 0.8) (end -1.6 0.8) (layer F.Fab) (width 0.1))
    (fp_line (start 1.6 -0.8) (end 1.6 0.8) (layer F.Fab) (width 0.1))
    (fp_line (start -1.6 -0.8) (end 1.6 -0.8) (layer F.Fab) (width 0.1))
    (fp_line (start -1.6 0.8) (end -1.6 -0.8) (layer F.Fab) (width 0.1))
    (pad 2 smd roundrect (at 1.4875 0 180) (size 1.425 1.75) (layers F.Cu F.Paste F.Mask) (roundrect_rratio 0.175439)
      (net 9 "Net-(C304-Pad2)"))
    (pad 1 smd roundrect (at -1.4875 0 180) (size 1.425 1.75) (layers F.Cu F.Paste F.Mask) (roundrect_rratio 0.175439)
      (net 10 "Net-(C304-Pad1)"))
    (model ${KISYS3DMOD}/Capacitor_SMD.3dshapes/C_1206_3216Metric.wrl
      (at (xyz 0 0 0))
      (scale (xyz 1 1 1))
      (rotate (xyz 0 0 0))
    )
  )

  (module Capacitor_SMD:C_1206_3216Metric_Pad1.42x1.75mm_HandSolder (layer F.Cu) (tedit 5B301BBE) (tstamp 6020040D)
    (at 125.5125 33.528 180)
    (descr "Capacitor SMD 1206 (3216 Metric), square (rectangular) end terminal, IPC_7351 nominal with elongated pad for handsoldering. (Body size source: http://www.tortai-tech.com/upload/download/2011102023233369053.pdf), generated with kicad-footprint-generator")
    (tags "capacitor handsolder")
    (path /60207347/6027780D)
    (attr smd)
    (fp_text reference C305 (at 0.0365 1.778) (layer F.SilkS)
      (effects (font (size 0.762 0.762) (thickness 0.15)))
    )
    (fp_text value 0.1μ (at 0 1.82) (layer F.Fab)
      (effects (font (size 1 1) (thickness 0.15)))
    )
    (fp_line (start -1.6 0.8) (end -1.6 -0.8) (layer F.Fab) (width 0.1))
    (fp_line (start -1.6 -0.8) (end 1.6 -0.8) (layer F.Fab) (width 0.1))
    (fp_line (start 1.6 -0.8) (end 1.6 0.8) (layer F.Fab) (width 0.1))
    (fp_line (start 1.6 0.8) (end -1.6 0.8) (layer F.Fab) (width 0.1))
    (fp_line (start -0.602064 -0.91) (end 0.602064 -0.91) (layer F.SilkS) (width 0.12))
    (fp_line (start -0.602064 0.91) (end 0.602064 0.91) (layer F.SilkS) (width 0.12))
    (fp_line (start -2.45 1.12) (end -2.45 -1.12) (layer F.CrtYd) (width 0.05))
    (fp_line (start -2.45 -1.12) (end 2.45 -1.12) (layer F.CrtYd) (width 0.05))
    (fp_line (start 2.45 -1.12) (end 2.45 1.12) (layer F.CrtYd) (width 0.05))
    (fp_line (start 2.45 1.12) (end -2.45 1.12) (layer F.CrtYd) (width 0.05))
    (fp_text user %R (at 0 0) (layer F.Fab)
      (effects (font (size 0.8 0.8) (thickness 0.12)))
    )
    (pad 1 smd roundrect (at -1.4875 0 180) (size 1.425 1.75) (layers F.Cu F.Paste F.Mask) (roundrect_rratio 0.175439)
      (net 11 "Net-(C305-Pad1)"))
    (pad 2 smd roundrect (at 1.4875 0 180) (size 1.425 1.75) (layers F.Cu F.Paste F.Mask) (roundrect_rratio 0.175439)
      (net 9 "Net-(C304-Pad2)"))
    (model ${KISYS3DMOD}/Capacitor_SMD.3dshapes/C_1206_3216Metric.wrl
      (at (xyz 0 0 0))
      (scale (xyz 1 1 1))
      (rotate (xyz 0 0 0))
    )
  )

  (module Capacitor_SMD:C_1206_3216Metric_Pad1.42x1.75mm_HandSolder (layer F.Cu) (tedit 5B301BBE) (tstamp 6020041E)
    (at 125.349 53.721 180)
    (descr "Capacitor SMD 1206 (3216 Metric), square (rectangular) end terminal, IPC_7351 nominal with elongated pad for handsoldering. (Body size source: http://www.tortai-tech.com/upload/download/2011102023233369053.pdf), generated with kicad-footprint-generator")
    (tags "capacitor handsolder")
    (path /60207347/60277820)
    (attr smd)
    (fp_text reference C306 (at 0 1.905) (layer F.SilkS)
      (effects (font (size 0.762 0.762) (thickness 0.15)))
    )
    (fp_text value 0.1μ (at 0 1.82) (layer F.Fab)
      (effects (font (size 1 1) (thickness 0.15)))
    )
    (fp_text user %R (at 0 0) (layer F.Fab)
      (effects (font (size 0.8 0.8) (thickness 0.12)))
    )
    (fp_line (start 2.45 1.12) (end -2.45 1.12) (layer F.CrtYd) (width 0.05))
    (fp_line (start 2.45 -1.12) (end 2.45 1.12) (layer F.CrtYd) (width 0.05))
    (fp_line (start -2.45 -1.12) (end 2.45 -1.12) (layer F.CrtYd) (width 0.05))
    (fp_line (start -2.45 1.12) (end -2.45 -1.12) (layer F.CrtYd) (width 0.05))
    (fp_line (start -0.602064 0.91) (end 0.602064 0.91) (layer F.SilkS) (width 0.12))
    (fp_line (start -0.602064 -0.91) (end 0.602064 -0.91) (layer F.SilkS) (width 0.12))
    (fp_line (start 1.6 0.8) (end -1.6 0.8) (layer F.Fab) (width 0.1))
    (fp_line (start 1.6 -0.8) (end 1.6 0.8) (layer F.Fab) (width 0.1))
    (fp_line (start -1.6 -0.8) (end 1.6 -0.8) (layer F.Fab) (width 0.1))
    (fp_line (start -1.6 0.8) (end -1.6 -0.8) (layer F.Fab) (width 0.1))
    (pad 2 smd roundrect (at 1.4875 0 180) (size 1.425 1.75) (layers F.Cu F.Paste F.Mask) (roundrect_rratio 0.175439)
      (net 12 "Net-(C306-Pad2)"))
    (pad 1 smd roundrect (at -1.4875 0 180) (size 1.425 1.75) (layers F.Cu F.Paste F.Mask) (roundrect_rratio 0.175439)
      (net 13 "Net-(C306-Pad1)"))
    (model ${KISYS3DMOD}/Capacitor_SMD.3dshapes/C_1206_3216Metric.wrl
      (at (xyz 0 0 0))
      (scale (xyz 1 1 1))
      (rotate (xyz 0 0 0))
    )
  )

  (module Capacitor_SMD:C_1206_3216Metric_Pad1.42x1.75mm_HandSolder (layer F.Cu) (tedit 5B301BBE) (tstamp 6020042F)
    (at 125.349 63.627 180)
    (descr "Capacitor SMD 1206 (3216 Metric), square (rectangular) end terminal, IPC_7351 nominal with elongated pad for handsoldering. (Body size source: http://www.tortai-tech.com/upload/download/2011102023233369053.pdf), generated with kicad-footprint-generator")
    (tags "capacitor handsolder")
    (path /60207347/60277822)
    (attr smd)
    (fp_text reference C307 (at -0.0365 1.905) (layer F.SilkS)
      (effects (font (size 0.762 0.762) (thickness 0.15)))
    )
    (fp_text value 0.1μ (at 0 1.82) (layer F.Fab)
      (effects (font (size 1 1) (thickness 0.15)))
    )
    (fp_line (start -1.6 0.8) (end -1.6 -0.8) (layer F.Fab) (width 0.1))
    (fp_line (start -1.6 -0.8) (end 1.6 -0.8) (layer F.Fab) (width 0.1))
    (fp_line (start 1.6 -0.8) (end 1.6 0.8) (layer F.Fab) (width 0.1))
    (fp_line (start 1.6 0.8) (end -1.6 0.8) (layer F.Fab) (width 0.1))
    (fp_line (start -0.602064 -0.91) (end 0.602064 -0.91) (layer F.SilkS) (width 0.12))
    (fp_line (start -0.602064 0.91) (end 0.602064 0.91) (layer F.SilkS) (width 0.12))
    (fp_line (start -2.45 1.12) (end -2.45 -1.12) (layer F.CrtYd) (width 0.05))
    (fp_line (start -2.45 -1.12) (end 2.45 -1.12) (layer F.CrtYd) (width 0.05))
    (fp_line (start 2.45 -1.12) (end 2.45 1.12) (layer F.CrtYd) (width 0.05))
    (fp_line (start 2.45 1.12) (end -2.45 1.12) (layer F.CrtYd) (width 0.05))
    (fp_text user %R (at 0 0) (layer F.Fab)
      (effects (font (size 0.8 0.8) (thickness 0.12)))
    )
    (pad 1 smd roundrect (at -1.4875 0 180) (size 1.425 1.75) (layers F.Cu F.Paste F.Mask) (roundrect_rratio 0.175439)
      (net 14 "Net-(C307-Pad1)"))
    (pad 2 smd roundrect (at 1.4875 0 180) (size 1.425 1.75) (layers F.Cu F.Paste F.Mask) (roundrect_rratio 0.175439)
      (net 12 "Net-(C306-Pad2)"))
    (model ${KISYS3DMOD}/Capacitor_SMD.3dshapes/C_1206_3216Metric.wrl
      (at (xyz 0 0 0))
      (scale (xyz 1 1 1))
      (rotate (xyz 0 0 0))
    )
  )

  (module Capacitor_SMD:C_1206_3216Metric_Pad1.42x1.75mm_HandSolder (layer F.Cu) (tedit 5B301BBE) (tstamp 60200440)
    (at 125.3855 83.82 180)
    (descr "Capacitor SMD 1206 (3216 Metric), square (rectangular) end terminal, IPC_7351 nominal with elongated pad for handsoldering. (Body size source: http://www.tortai-tech.com/upload/download/2011102023233369053.pdf), generated with kicad-footprint-generator")
    (tags "capacitor handsolder")
    (path /60207347/60277828)
    (attr smd)
    (fp_text reference C308 (at 0 1.905) (layer F.SilkS)
      (effects (font (size 0.762 0.762) (thickness 0.15)))
    )
    (fp_text value 0.047μ (at 0 1.82) (layer F.Fab)
      (effects (font (size 1 1) (thickness 0.15)))
    )
    (fp_line (start -1.6 0.8) (end -1.6 -0.8) (layer F.Fab) (width 0.1))
    (fp_line (start -1.6 -0.8) (end 1.6 -0.8) (layer F.Fab) (width 0.1))
    (fp_line (start 1.6 -0.8) (end 1.6 0.8) (layer F.Fab) (width 0.1))
    (fp_line (start 1.6 0.8) (end -1.6 0.8) (layer F.Fab) (width 0.1))
    (fp_line (start -0.602064 -0.91) (end 0.602064 -0.91) (layer F.SilkS) (width 0.12))
    (fp_line (start -0.602064 0.91) (end 0.602064 0.91) (layer F.SilkS) (width 0.12))
    (fp_line (start -2.45 1.12) (end -2.45 -1.12) (layer F.CrtYd) (width 0.05))
    (fp_line (start -2.45 -1.12) (end 2.45 -1.12) (layer F.CrtYd) (width 0.05))
    (fp_line (start 2.45 -1.12) (end 2.45 1.12) (layer F.CrtYd) (width 0.05))
    (fp_line (start 2.45 1.12) (end -2.45 1.12) (layer F.CrtYd) (width 0.05))
    (fp_text user %R (at 0 0) (layer F.Fab)
      (effects (font (size 0.8 0.8) (thickness 0.12)))
    )
    (pad 1 smd roundrect (at -1.4875 0 180) (size 1.425 1.75) (layers F.Cu F.Paste F.Mask) (roundrect_rratio 0.175439)
      (net 15 "Net-(C308-Pad1)"))
    (pad 2 smd roundrect (at 1.4875 0 180) (size 1.425 1.75) (layers F.Cu F.Paste F.Mask) (roundrect_rratio 0.175439)
      (net 16 "Net-(C308-Pad2)"))
    (model ${KISYS3DMOD}/Capacitor_SMD.3dshapes/C_1206_3216Metric.wrl
      (at (xyz 0 0 0))
      (scale (xyz 1 1 1))
      (rotate (xyz 0 0 0))
    )
  )

  (module Capacitor_SMD:C_1206_3216Metric_Pad1.42x1.75mm_HandSolder (layer F.Cu) (tedit 5B301BBE) (tstamp 60200451)
    (at 125.3855 93.98 180)
    (descr "Capacitor SMD 1206 (3216 Metric), square (rectangular) end terminal, IPC_7351 nominal with elongated pad for handsoldering. (Body size source: http://www.tortai-tech.com/upload/download/2011102023233369053.pdf), generated with kicad-footprint-generator")
    (tags "capacitor handsolder")
    (path /60207347/5D93D8B8)
    (attr smd)
    (fp_text reference C309 (at -0.0905 1.778) (layer F.SilkS)
      (effects (font (size 0.762 0.762) (thickness 0.15)))
    )
    (fp_text value 0.047μ (at 0 1.82) (layer F.Fab)
      (effects (font (size 1 1) (thickness 0.15)))
    )
    (fp_text user %R (at 0 0) (layer F.Fab)
      (effects (font (size 0.8 0.8) (thickness 0.12)))
    )
    (fp_line (start 2.45 1.12) (end -2.45 1.12) (layer F.CrtYd) (width 0.05))
    (fp_line (start 2.45 -1.12) (end 2.45 1.12) (layer F.CrtYd) (width 0.05))
    (fp_line (start -2.45 -1.12) (end 2.45 -1.12) (layer F.CrtYd) (width 0.05))
    (fp_line (start -2.45 1.12) (end -2.45 -1.12) (layer F.CrtYd) (width 0.05))
    (fp_line (start -0.602064 0.91) (end 0.602064 0.91) (layer F.SilkS) (width 0.12))
    (fp_line (start -0.602064 -0.91) (end 0.602064 -0.91) (layer F.SilkS) (width 0.12))
    (fp_line (start 1.6 0.8) (end -1.6 0.8) (layer F.Fab) (width 0.1))
    (fp_line (start 1.6 -0.8) (end 1.6 0.8) (layer F.Fab) (width 0.1))
    (fp_line (start -1.6 -0.8) (end 1.6 -0.8) (layer F.Fab) (width 0.1))
    (fp_line (start -1.6 0.8) (end -1.6 -0.8) (layer F.Fab) (width 0.1))
    (pad 2 smd roundrect (at 1.4875 0 180) (size 1.425 1.75) (layers F.Cu F.Paste F.Mask) (roundrect_rratio 0.175439)
      (net 16 "Net-(C308-Pad2)"))
    (pad 1 smd roundrect (at -1.4875 0 180) (size 1.425 1.75) (layers F.Cu F.Paste F.Mask) (roundrect_rratio 0.175439)
      (net 17 "Net-(C309-Pad1)"))
    (model ${KISYS3DMOD}/Capacitor_SMD.3dshapes/C_1206_3216Metric.wrl
      (at (xyz 0 0 0))
      (scale (xyz 1 1 1))
      (rotate (xyz 0 0 0))
    )
  )

  (module Capacitor_SMD:C_1206_3216Metric_Pad1.42x1.75mm_HandSolder (layer F.Cu) (tedit 5B301BBE) (tstamp 60200462)
    (at 125.5125 115.3668 180)
    (descr "Capacitor SMD 1206 (3216 Metric), square (rectangular) end terminal, IPC_7351 nominal with elongated pad for handsoldering. (Body size source: http://www.tortai-tech.com/upload/download/2011102023233369053.pdf), generated with kicad-footprint-generator")
    (tags "capacitor handsolder")
    (path /60207347/5D94E00F)
    (attr smd)
    (fp_text reference C310 (at 0 1.905) (layer F.SilkS)
      (effects (font (size 0.762 0.762) (thickness 0.15)))
    )
    (fp_text value 0.0022μ (at 0 1.82) (layer F.Fab)
      (effects (font (size 1 1) (thickness 0.15)))
    )
    (fp_line (start -1.6 0.8) (end -1.6 -0.8) (layer F.Fab) (width 0.1))
    (fp_line (start -1.6 -0.8) (end 1.6 -0.8) (layer F.Fab) (width 0.1))
    (fp_line (start 1.6 -0.8) (end 1.6 0.8) (layer F.Fab) (width 0.1))
    (fp_line (start 1.6 0.8) (end -1.6 0.8) (layer F.Fab) (width 0.1))
    (fp_line (start -0.602064 -0.91) (end 0.602064 -0.91) (layer F.SilkS) (width 0.12))
    (fp_line (start -0.602064 0.91) (end 0.602064 0.91) (layer F.SilkS) (width 0.12))
    (fp_line (start -2.45 1.12) (end -2.45 -1.12) (layer F.CrtYd) (width 0.05))
    (fp_line (start -2.45 -1.12) (end 2.45 -1.12) (layer F.CrtYd) (width 0.05))
    (fp_line (start 2.45 -1.12) (end 2.45 1.12) (layer F.CrtYd) (width 0.05))
    (fp_line (start 2.45 1.12) (end -2.45 1.12) (layer F.CrtYd) (width 0.05))
    (fp_text user %R (at 0 0) (layer F.Fab)
      (effects (font (size 0.8 0.8) (thickness 0.12)))
    )
    (pad 1 smd roundrect (at -1.4875 0 180) (size 1.425 1.75) (layers F.Cu F.Paste F.Mask) (roundrect_rratio 0.175439)
      (net 18 "Net-(C310-Pad1)"))
    (pad 2 smd roundrect (at 1.4875 0 180) (size 1.425 1.75) (layers F.Cu F.Paste F.Mask) (roundrect_rratio 0.175439)
      (net 19 "Net-(C310-Pad2)"))
    (model ${KISYS3DMOD}/Capacitor_SMD.3dshapes/C_1206_3216Metric.wrl
      (at (xyz 0 0 0))
      (scale (xyz 1 1 1))
      (rotate (xyz 0 0 0))
    )
  )

  (module Capacitor_SMD:C_1206_3216Metric_Pad1.42x1.75mm_HandSolder (layer F.Cu) (tedit 5B301BBE) (tstamp 60200473)
    (at 125.5125 126.365 180)
